8 7 1
6 6 1
7 25 1
5 33 1
7 74 1
7 30 1
7 77 1
2 7 1
2 21 1
5 86 1
3 90 1
2 67 1
3 6 1
4 8 1
6 33 1
2 21 1
7 88 1
4 89 1
9 56 1
8 21 1
7 89 1
4 11 1
4 43 1
7 59 1
4 78 1
5 5 1
9 51 1
4 84 1
8 41 1
3 28 1
4 26 1
0 86 1
0 5 1
5 12 1
2 28 1
4 14 1
2 57 1
1 90 1
4 4 1
5 89 1
3 76 1
4 44 1
5 83 1
3 0 1
8 48 1
3 66 1
2 85 1
0 77 1
5 28 1
2 48 1
8 85 1
3 13 1
6 11 1
3 77 1
3 82 1
1 2 1
6 41 1
7 72 1
5 87 1
6 43 1
9 36 1
2 41 1
2 90 1
8 27 1
3 93 1
8 47 1
2 55 1
8 90 1
6 40 1
0 73 1
1 59 1
2 46 1
5 1 1
8 36 1
3 62 1
1 67 1
1 24 1
6 85 1
0 64 1
4 41 1
2 3 1
9 15 1
1 80 1
0 12 1
5 61 1
7 35 1
5 37 1
5 82 1
6 94 1
2 19 1
6 16 1
8 16 1
8 40 1
9 65 1
1 47 1
3 15 1
1 90 1
6 13 1
4 79 1
4 95 1
0 3 1
4 29 1
7 0 1
4 53 1
2 47 1
7 16 1
9 61 1
6 77 1
2 20 1
4 33 1
6 90 1
1 94 1
1 50 1
9 9 1
5 18 1
9 88 1
7 39 1
2 9 1
2 78 1
4 94 1
6 98 1
3 87 1
2 61 1
9 17 1
7 86 1
3 36 1
8 68 1
9 89 1
5 44 1
8 4 1
2 73 1
4 95 1
2 87 1
6 27 1
5 37 1
0 92 1
8 88 1
8 2 1
0 87 1
6 45 1
1 89 1
4 98 1
8 48 1
0 52 1
4 33 1
9 59 1
7 16 1
0 98 1
3 44 1
4 31 1
0 59 1
1 80 1
1 28 1
7 63 1
0 66 1
0 34 1
3 10 1
1 79 1
1 73 1
4 50 1
5 53 1
1 38 1
7 62 1
4 84 1
4 35 1
2 83 1
2 46 1
4 29 1
1 68 1
5 80 1
7 77 1
4 31 1
5 17 1
7 7 1
3 69 1
9 40 1
9 48 1
7 50 1
6 53 1
0 27 1
7 56 1
2 55 1
9 66 1
7 21 1
9 69 1
0 44 1
4 65 1
2 14 1
7 66 1
4 95 1
7 79 1
6 8 1
5 40 1
8 40 1
4 78 1
2 4 1
0 67 1
6 64 1
6 28 1
7 39 1
3 59 1
6 39 1
7 80 1
3 29 1
0 37 1
0 79 1
7 49 1
5 15 1
5 61 1
2 70 1
7 63 1
9 22 1
1 17 1
3 37 1
6 33 1
