28 73 1
0 87 1
5 53 1
11 53 1
8 10 1
0 42 1
2 36 1
19 87 1
19 1 1
23 47 1
13 82 1
10 45 1
10 60 1
5 94 1
24 28 1
14 36 1
21 5 1
4 94 1
20 7 1
7 48 1
26 15 1
16 3 1
27 43 1
29 76 1
18 55 1
14 93 1
20 75 1
4 28 1
20 13 1
0 73 1
12 66 1
28 17 1
0 34 1
5 30 1
26 6 1
16 80 1
5 35 1
5 82 1
4 10 1
12 76 1
20 87 1
3 74 1
27 64 1
10 34 1
19 50 1
5 48 1
26 18 1
0 62 1
14 98 1
20 4 1
19 0 1
26 54 1
9 51 1
29 2 1
2 68 1
10 81 1
10 84 1
7 14 1
22 76 1
15 76 1
16 51 1
13 0 1
0 3 1
3 94 1
7 98 1
22 36 1
4 61 1
29 6 1
7 73 1
4 86 1
1 17 1
27 62 1
29 92 1
11 51 1
21 80 1
8 81 1
7 70 1
29 11 1
24 53 1
27 42 1
8 17 1
10 70 1
22 65 1
8 95 1
23 48 1
22 52 1
0 89 1
20 52 1
2 62 1
24 4 1
5 30 1
24 24 1
8 44 1
4 79 1
26 15 1
12 78 1
4 85 1
9 86 1
13 23 1
16 67 1
28 94 1
16 68 1
21 90 1
10 49 1
5 53 1
10 84 1
4 4 1
20 22 1
4 42 1
26 81 1
29 55 1
17 26 1
0 57 1
4 48 1
3 41 1
27 45 1
27 54 1
18 83 1
22 80 1
8 99 1
10 3 1
4 7 1
9 88 1
5 0 1
28 65 1
28 28 1
15 28 1
1 8 1
20 50 1
4 87 1
15 32 1
20 6 1
0 15 1
6 34 1
28 11 1
25 39 1
10 49 1
0 99 1
3 73 1
0 37 1
27 67 1
15 9 1
6 25 1
20 48 1
25 65 1
4 37 1
19 90 1
4 49 1
25 84 1
14 57 1
22 60 1
18 32 1
28 16 1
0 6 1
26 24 1
26 53 1
15 8 1
22 41 1
13 95 1
13 99 1
19 51 1
0 38 1
25 60 1
18 1 1
21 58 1
4 16 1
12 40 1
23 68 1
10 33 1
25 5 1
9 21 1
5 93 1
8 6 1
10 23 1
19 56 1
4 2 1
8 9 1
19 38 1
5 43 1
19 6 1
20 89 1
4 42 1
15 50 1
29 47 1
3 74 1
8 71 1
28 59 1
5 92 1
0 76 1
6 68 1
7 85 1
14 23 1
27 90 1
6 53 1
25 94 1
0 6 1
26 57 1
28 90 1
1 74 1
28 73 1
25 32 1
17 30 1
17 68 1
26 15 1
23 33 1
17 91 1
14 40 1
28 40 1
15 44 1
13 99 1
17 89 1
27 89 1
11 50 1
19 7 1
21 68 1
3 20 1
25 77 1
3 80 1
7 38 1
0 96 1
20 88 1
15 79 1
8 86 1
3 12 1
6 92 1
5 24 1
22 91 1
29 47 1
6 6 1
22 99 1
2 52 1
21 60 1
5 33 1
3 0 1
1 87 1
22 37 1
18 11 1
16 51 1
17 40 1
21 50 1
28 63 1
6 86 1
14 34 1
22 25 1
23 52 1
12 64 1
25 88 1
11 99 1
7 71 1
0 17 1
24 1 1
18 41 1
26 97 1
12 17 1
3 88 1
1 12 1
0 97 1
3 1 1
14 21 1
14 87 1
29 96 1
24 57 1
3 31 1
29 61 1
1 13 1
8 4 1
27 41 1
15 80 1
23 64 1
10 73 1
3 35 1
28 8 1
8 92 1
12 59 1
1 45 1
3 70 1
28 61 1
18 10 1
19 18 1
10 11 1
19 29 1
28 40 1
19 27 1
28 89 1
6 66 1
11 90 1
9 25 1
0 71 1
19 41 1
9 11 1
2 24 1
11 32 1
3 72 1
8 70 1
23 7 1
1 51 1
20 16 1
24 32 1
17 93 1
4 58 1
7 79 1
25 97 1
25 12 1
11 18 1
28 30 1
9 78 1
28 30 1
3 22 1
24 73 1
27 38 1
23 44 1
14 93 1
3 88 1
24 57 1
10 12 1
17 49 1
14 34 1
0 16 1
1 80 1
3 27 1
27 22 1
12 19 1
14 74 1
21 87 1
5 81 1
1 35 1
18 51 1
5 94 1
3 28 1
26 14 1
27 87 1
0 80 1
22 5 1
23 2 1
5 24 1
26 38 1
0 14 1
28 11 1
0 21 1
4 21 1
10 78 1
8 86 1
23 23 1
6 35 1
1 76 1
12 0 1
0 81 1
11 93 1
15 62 1
26 95 1
24 92 1
9 73 1
3 77 1
3 6 1
14 97 1
4 49 1
4 90 1
16 78 1
1 15 1
6 63 1
28 33 1
0 51 1
5 60 1
21 12 1
8 7 1
29 80 1
12 59 1
3 0 1
17 81 1
16 37 1
11 59 1
2 78 1
27 78 1
28 3 1
29 38 1
7 1 1
14 44 1
8 80 1
26 92 1
6 52 1
27 77 1
7 2 1
27 72 1
24 2 1
29 28 1
20 71 1
4 49 1
5 79 1
20 71 1
10 86 1
11 15 1
13 68 1
9 90 1
26 44 1
6 58 1
25 50 1
24 42 1
6 75 1
12 98 1
19 49 1
18 80 1
4 61 1
20 30 1
28 90 1
7 65 1
6 96 1
1 30 1
27 36 1
15 24 1
5 54 1
29 62 1
7 24 1
28 17 1
16 13 1
6 1 1
9 26 1
17 7 1
2 58 1
3 63 1
27 51 1
27 15 1
22 67 1
3 54 1
9 14 1
9 70 1
0 67 1
15 3 1
24 73 1
21 90 1
22 35 1
16 30 1
3 50 1
16 15 1
12 36 1
16 65 1
17 5 1
20 52 1
8 52 1
21 14 1
21 31 1
9 11 1
15 45 1
5 12 1
28 10 1
20 56 1
12 11 1
25 1 1
23 96 1
19 12 1
14 17 1
20 66 1
5 29 1
12 89 1
29 18 1
26 66 1
19 42 1
18 0 1
18 80 1
8 64 1
25 71 1
2 18 1
0 70 1
28 81 1
20 19 1
11 33 1
25 63 1
26 34 1
17 96 1
15 12 1
24 21 1
5 42 1
18 43 1
10 99 1
9 88 1
20 34 1
20 13 1
4 85 1
0 55 1
20 15 1
9 80 1
17 43 1
28 12 1
17 66 1
10 84 1
15 19 1
8 36 1
2 73 1
21 30 1
19 6 1
6 23 1
17 73 1
18 29 1
25 40 1
15 49 1
21 80 1
0 66 1
1 59 1
10 20 1
4 91 1
10 3 1
28 66 1
4 61 1
29 92 1
4 45 1
20 16 1
10 65 1
27 24 1
18 64 1
22 19 1
21 95 1
12 13 1
29 35 1
24 15 1
29 83 1
2 45 1
5 63 1
8 32 1
5 37 1
26 0 1
7 31 1
17 26 1
25 4 1
0 26 1
2 70 1
21 50 1
29 57 1
2 4 1
5 74 1
14 86 1
16 46 1
11 51 1
8 73 1
23 59 1
28 24 1
25 53 1
24 43 1
15 45 1
0 53 1
23 0 1
14 24 1
6 77 1
29 18 1
9 47 1
25 34 1
16 87 1
20 12 1
21 16 1
20 3 1
26 17 1
11 2 1
26 78 1
25 81 1
28 14 1
4 39 1
12 34 1
7 27 1
23 16 1
20 41 1
21 21 1
19 44 1
18 82 1
6 30 1
29 32 1
7 0 1
16 11 1
0 8 1
23 61 1
29 66 1
1 96 1
12 55 1
4 77 1
5 96 1
25 88 1
29 45 1
2 29 1
29 93 1
1 28 1
24 64 1
3 19 1
19 6 1
16 63 1
0 91 1
18 20 1
11 35 1
1 26 1
23 76 1
21 15 1
20 82 1
20 89 1
29 8 1
4 68 1
26 13 1
26 17 1
19 23 1
12 13 1
24 50 1
27 26 1
6 38 1
13 73 1
18 51 1
14 21 1
23 56 1
29 30 1
15 72 1
7 85 1
22 10 1
26 21 1
19 99 1
7 44 1
11 88 1
4 29 1
15 40 1
3 19 1
29 89 1
24 41 1
10 27 1
16 55 1
26 96 1
27 57 1
26 19 1
11 69 1
1 46 1
5 55 1
17 35 1
23 68 1
13 82 1
22 6 1
18 59 1
18 33 1
9 14 1
18 1 1
9 26 1
22 21 1
9 87 1
22 48 1
10 31 1
16 85 1
22 27 1
16 99 1
21 77 1
18 46 1
18 21 1
3 15 1
12 88 1
2 59 1
8 11 1
18 47 1
3 75 1
20 91 1
13 33 1
23 49 1
22 28 1
1 83 1
16 71 1
14 41 1
22 45 1
22 10 1
20 64 1
