9 96 1
8 9 1
1 22 1
3 81 1
5 16 1
7 21 1
5 75 1
9 78 1
0 85 1
5 55 1
6 89 1
7 97 1
9 0 1
2 27 1
5 13 1
9 73 1
2 27 1
0 34 1
7 2 1
9 69 1
1 26 1
6 81 1
5 28 1
1 45 1
0 10 1
1 44 1
7 59 1
2 71 1
8 50 1
3 99 1
2 29 1
6 5 1
6 74 1
5 70 1
0 20 1
3 60 1
7 58 1
0 92 1
0 22 1
9 46 1
0 8 1
7 14 1
7 55 1
0 13 1
2 36 1
0 28 1
2 3 1
1 11 1
6 42 1
4 93 1
0 84 1
8 76 1
1 23 1
2 67 1
2 50 1
8 53 1
2 82 1
9 93 1
1 47 1
3 80 1
7 0 1
6 1 1
6 17 1
6 58 1
1 59 1
1 34 1
6 4 1
6 9 1
8 14 1
1 63 1
0 76 1
2 42 1
9 43 1
8 44 1
5 7 1
7 89 1
8 0 1
6 24 1
0 76 1
7 23 1
9 9 1
7 84 1
8 92 1
0 63 1
4 23 1
9 15 1
9 33 1
9 70 1
2 10 1
8 5 1
6 52 1
5 7 1
9 25 1
7 12 1
8 85 1
4 30 1
2 99 1
6 30 1
9 45 1
2 32 1
9 44 1
0 47 1
6 79 1
0 30 1
6 68 1
6 38 1
3 35 1
1 36 1
0 94 1
3 44 1
2 12 1
6 4 1
1 43 1
0 56 1
8 86 1
3 75 1
7 8 1
9 62 1
7 35 1
1 22 1
2 22 1
4 42 1
3 73 1
9 86 1
0 57 1
2 95 1
0 70 1
2 51 1
2 10 1
2 71 1
1 92 1
7 23 1
1 4 1
3 86 1
5 60 1
1 85 1
7 98 1
3 6 1
7 85 1
7 18 1
8 30 1
7 64 1
7 62 1
2 62 1
4 82 1
2 82 1
6 3 1
9 34 1
9 78 1
4 3 1
6 90 1
5 89 1
8 58 1
9 5 1
3 60 1
0 35 1
0 44 1
8 94 1
1 70 1
2 44 1
1 7 1
0 22 1
4 37 1
3 34 1
5 2 1
8 12 1
0 15 1
7 79 1
3 84 1
2 45 1
4 64 1
5 17 1
8 31 1
5 38 1
6 92 1
0 53 1
5 89 1
7 33 1
3 7 1
8 33 1
5 35 1
6 4 1
8 69 1
4 43 1
4 62 1
7 26 1
0 17 1
3 49 1
3 88 1
3 23 1
3 85 1
4 37 1
5 6 1
4 99 1
9 54 1
6 0 1
8 50 1
0 21 1
2 6 1
5 20 1
9 30 1
3 82 1
0 32 1
0 70 1
0 79 1
2 81 1
1 19 1
6 17 1
3 49 1
7 71 1
0 38 1
3 61 1
3 68 1
7 34 1
3 13 1
3 24 1
2 37 1
4 41 1
6 10 1
1 31 1
0 30 1
4 49 1
7 27 1
3 99 1
2 85 1
3 10 1
0 14 1
8 45 1
1 6 1
2 8 1
1 51 1
9 38 1
5 80 1
6 1 1
3 71 1
9 86 1
6 27 1
4 73 1
5 95 1
7 31 1
8 61 1
2 84 1
7 84 1
4 45 1
9 12 1
8 82 1
0 30 1
5 75 1
5 93 1
3 14 1
5 27 1
4 93 1
1 68 1
4 39 1
5 82 1
2 61 1
9 20 1
7 72 1
6 45 1
8 73 1
0 90 1
4 6 1
8 21 1
5 2 1
7 28 1
0 68 1
