1 35 1
1 78 1
2 9 1
9 93 1
1 56 1
7 65 1
5 86 1
7 61 1
0 5 1
2 14 1
1 66 1
3 43 1
3 38 1
6 18 1
3 12 1
6 91 1
8 17 1
0 70 1
7 71 1
7 23 1
5 28 1
2 63 1
7 34 1
0 3 1
5 26 1
6 55 1
1 93 1
6 20 1
9 69 1
1 71 1
0 6 1
8 33 1
5 96 1
8 65 1
0 15 1
3 54 1
1 71 1
7 14 1
0 75 1
6 49 1
7 97 1
6 68 1
8 98 1
1 94 1
2 46 1
5 13 1
1 97 1
7 49 1
3 23 1
4 18 1
2 10 1
1 5 1
0 42 1
8 85 1
0 1 1
4 42 1
7 65 1
5 74 1
1 21 1
7 15 1
5 57 1
4 99 1
9 26 1
2 23 1
1 54 1
1 52 1
8 32 1
8 49 1
2 30 1
8 15 1
4 17 1
1 2 1
0 67 1
6 91 1
9 39 1
1 99 1
0 78 1
0 62 1
0 40 1
3 10 1
9 41 1
8 57 1
7 9 1
3 20 1
9 46 1
2 69 1
6 16 1
5 50 1
6 37 1
2 79 1
2 55 1
2 52 1
1 74 1
6 15 1
5 29 1
6 45 1
7 23 1
5 26 1
9 13 1
2 50 1
7 61 1
2 13 1
0 50 1
9 7 1
1 86 1
5 60 1
6 52 1
6 43 1
9 32 1
2 60 1
2 19 1
0 68 1
7 26 1
5 88 1
5 27 1
8 93 1
3 93 1
9 64 1
0 37 1
2 59 1
3 71 1
9 3 1
7 18 1
0 89 1
1 30 1
7 52 1
7 0 1
7 32 1
6 55 1
2 53 1
9 9 1
0 9 1
3 95 1
3 92 1
1 73 1
9 91 1
0 75 1
3 48 1
6 58 1
8 8 1
1 24 1
5 88 1
3 16 1
0 38 1
5 35 1
5 91 1
3 48 1
8 12 1
0 36 1
9 34 1
8 57 1
5 66 1
1 5 1
6 68 1
4 65 1
4 18 1
1 13 1
7 37 1
7 11 1
7 41 1
2 3 1
3 11 1
8 78 1
0 38 1
1 8 1
0 20 1
6 89 1
8 76 1
0 62 1
0 73 1
6 25 1
7 85 1
6 93 1
4 69 1
1 35 1
8 87 1
8 84 1
0 92 1
1 54 1
5 6 1
1 88 1
7 39 1
0 9 1
4 95 1
1 85 1
1 72 1
4 59 1
4 62 1
0 75 1
7 39 1
9 30 1
1 17 1
6 39 1
4 30 1
4 6 1
5 65 1
3 44 1
0 87 1
3 16 1
7 89 1
0 28 1
0 40 1
0 91 1
0 61 1
2 53 1
3 83 1
6 83 1
4 23 1
8 59 1
0 26 1
0 6 1
4 7 1
4 34 1
4 62 1
6 32 1
1 61 1
6 41 1
7 94 1
5 48 1
0 53 1
5 44 1
7 21 1
5 99 1
2 49 1
7 13 1
4 80 1
5 44 1
5 28 1
1 76 1
6 36 1
8 36 1
4 13 1
9 74 1
3 92 1
0 2 1
9 18 1
7 33 1
0 7 1
3 81 1
8 41 1
4 96 1
9 50 1
9 45 1
3 63 1
8 8 1
9 9 1
5 4 1
5 59 1
5 75 1
5 62 1
5 54 1
8 75 1
1 97 1
2 61 1
5 32 1
9 13 1
4 55 1
9 36 1
8 91 1
2 88 1
0 49 1
7 56 1
7 45 1
4 41 1
6 20 1
6 39 1
8 34 1
9 6 1
5 67 1
0 49 1
3 5 1
1 18 1
0 67 1
5 80 1
1 76 1
0 56 1
5 73 1
4 16 1
6 43 1
1 54 1
0 72 1
4 71 1
3 88 1
5 81 1
0 74 1
5 23 1
6 47 1
4 37 1
0 34 1
3 5 1
0 30 1
3 65 1
3 25 1
5 55 1
8 16 1
5 84 1
4 11 1
7 78 1
3 70 1
1 22 1
7 1 1
1 46 1
5 12 1
1 18 1
3 78 1
8 44 1
8 26 1
2 56 1
1 20 1
0 8 1
6 10 1
3 56 1
8 63 1
6 90 1
0 73 1
8 67 1
2 78 1
1 39 1
3 40 1
2 52 1
8 7 1
2 88 1
0 84 1
1 95 1
2 60 1
5 79 1
9 49 1
0 99 1
6 17 1
7 28 1
0 92 1
0 3 1
4 51 1
7 69 1
8 38 1
8 7 1
2 76 1
9 92 1
1 17 1
2 4 1
2 1 1
5 43 1
4 34 1
8 57 1
2 46 1
0 77 1
5 51 1
8 37 1
7 66 1
6 43 1
0 62 1
6 38 1
7 82 1
9 83 1
7 87 1
4 37 1
4 63 1
4 32 1
8 77 1
5 79 1
5 86 1
3 50 1
7 92 1
6 53 1
5 89 1
9 10 1
3 60 1
9 25 1
9 65 1
8 11 1
7 91 1
4 57 1
7 95 1
5 79 1
8 86 1
6 23 1
8 26 1
9 4 1
1 18 1
7 19 1
8 27 1
1 47 1
4 44 1
1 67 1
8 49 1
2 76 1
2 36 1
9 37 1
6 38 1
4 29 1
8 99 1
2 4 1
6 99 1
4 4 1
3 45 1
8 1 1
4 26 1
3 90 1
