0 54 1
7 9 1
3 9 1
3 9 1
2 81 1
1 44 1
3 51 1
8 99 1
2 54 1
4 37 1
6 39 1
3 73 1
5 87 1
5 53 1
1 27 1
0 78 1
1 6 1
4 49 1
3 10 1
6 65 1
8 31 1
4 12 1
1 86 1
6 0 1
0 41 1
6 99 1
0 29 1
5 87 1
1 3 1
5 10 1
6 65 1
8 79 1
4 93 1
8 11 1
1 81 1
4 97 1
5 50 1
6 59 1
3 72 1
2 95 1
1 17 1
2 18 1
1 15 1
2 19 1
8 45 1
5 22 1
2 5 1
9 85 1
6 54 1
7 54 1
9 16 1
9 3 1
9 34 1
8 62 1
9 18 1
8 64 1
2 2 1
2 46 1
9 42 1
0 21 1
2 2 1
8 80 1
3 38 1
7 78 1
5 8 1
0 4 1
0 7 1
5 1 1
6 69 1
8 92 1
1 69 1
6 2 1
6 67 1
0 6 1
3 29 1
4 42 1
6 62 1
4 6 1
7 37 1
1 99 1
7 33 1
6 85 1
5 20 1
2 17 1
9 14 1
6 89 1
7 24 1
9 17 1
6 29 1
3 84 1
1 42 1
0 9 1
1 76 1
1 72 1
0 59 1
4 68 1
9 54 1
5 39 1
3 97 1
5 88 1
6 51 1
7 9 1
2 90 1
2 40 1
4 89 1
0 95 1
9 25 1
2 85 1
3 0 1
3 42 1
7 47 1
1 27 1
6 97 1
1 91 1
5 94 1
1 69 1
0 45 1
6 61 1
0 48 1
6 34 1
0 62 1
6 80 1
9 17 1
1 10 1
9 21 1
0 51 1
0 92 1
8 18 1
4 68 1
6 69 1
3 15 1
9 16 1
7 21 1
8 10 1
3 84 1
8 68 1
0 85 1
8 6 1
5 38 1
3 79 1
8 62 1
1 18 1
5 25 1
9 21 1
1 74 1
9 38 1
3 18 1
2 10 1
5 66 1
7 10 1
5 85 1
5 45 1
4 82 1
1 25 1
6 32 1
7 84 1
6 9 1
8 13 1
6 84 1
1 29 1
0 80 1
0 80 1
9 16 1
0 53 1
2 28 1
3 12 1
7 5 1
7 69 1
5 19 1
6 96 1
0 31 1
0 62 1
4 92 1
9 74 1
4 61 1
6 64 1
9 10 1
9 65 1
1 26 1
2 83 1
6 28 1
8 16 1
3 99 1
2 18 1
7 16 1
8 85 1
1 97 1
1 25 1
8 83 1
8 96 1
9 14 1
3 50 1
8 2 1
0 26 1
5 44 1
1 74 1
1 6 1
8 0 1
8 55 1
2 76 1
7 58 1
2 24 1
8 23 1
5 21 1
9 76 1
8 17 1
3 88 1
0 7 1
8 29 1
4 3 1
1 62 1
5 70 1
5 51 1
7 3 1
8 35 1
7 25 1
4 15 1
4 60 1
6 68 1
3 63 1
3 61 1
2 49 1
8 35 1
4 59 1
