18 11 1
0 112 1
11 35 1
12 86 1
8 186 1
8 91 1
4 196 1
4 91 1
4 121 1
17 113 1
10 142 1
18 79 1
3 68 1
16 45 1
13 174 1
0 51 1
10 1 1
12 41 1
16 45 1
0 155 1
5 190 1
4 103 1
16 145 1
8 151 1
12 167 1
12 6 1
13 135 1
10 44 1
18 112 1
9 101 1
9 139 1
18 70 1
18 113 1
8 96 1
8 21 1
17 104 1
15 154 1
12 108 1
3 85 1
2 22 1
4 34 1
16 116 1
10 0 1
14 68 1
9 189 1
12 195 1
3 0 1
7 143 1
18 189 1
8 32 1
12 153 1
18 140 1
9 82 1
19 167 1
19 41 1
5 90 1
19 88 1
7 195 1
6 20 1
2 138 1
11 91 1
6 20 1
0 173 1
1 52 1
9 159 1
2 193 1
11 25 1
7 107 1
14 7 1
1 182 1
11 64 1
12 197 1
12 196 1
7 153 1
5 29 1
0 120 1
16 132 1
17 24 1
8 21 1
7 153 1
14 128 1
19 167 1
19 97 1
19 113 1
3 146 1
0 121 1
9 94 1
1 19 1
4 136 1
1 179 1
12 190 1
18 168 1
0 159 1
9 198 1
18 6 1
0 55 1
8 132 1
5 6 1
14 76 1
8 3 1
14 188 1
16 25 1
5 197 1
4 111 1
4 163 1
5 88 1
14 118 1
3 50 1
1 30 1
13 95 1
13 45 1
3 112 1
7 106 1
9 73 1
13 196 1
12 145 1
13 169 1
15 105 1
6 76 1
12 86 1
12 17 1
15 25 1
11 53 1
17 90 1
18 192 1
1 69 1
7 71 1
16 100 1
3 59 1
8 175 1
16 27 1
18 147 1
2 190 1
5 87 1
9 4 1
4 4 1
3 147 1
8 133 1
9 70 1
12 59 1
4 122 1
12 96 1
3 48 1
12 77 1
12 169 1
14 2 1
3 39 1
9 128 1
10 8 1
18 42 1
0 119 1
13 166 1
0 12 1
9 198 1
12 79 1
7 15 1
10 28 1
0 20 1
0 183 1
12 168 1
5 150 1
0 136 1
12 143 1
15 29 1
7 138 1
10 48 1
3 147 1
8 139 1
3 41 1
11 0 1
0 131 1
9 151 1
18 172 1
12 78 1
16 59 1
6 106 1
13 66 1
2 167 1
15 62 1
18 101 1
3 146 1
1 172 1
4 57 1
12 11 1
0 141 1
4 194 1
12 9 1
2 182 1
19 22 1
17 83 1
8 129 1
9 167 1
11 22 1
15 172 1
13 110 1
19 57 1
7 87 1
11 57 1
16 126 1
5 67 1
1 133 1
9 90 1
12 26 1
19 53 1
9 199 1
11 61 1
4 57 1
3 124 1
16 149 1
18 61 1
8 121 1
8 28 1
2 18 1
19 170 1
13 17 1
5 133 1
2 10 1
3 107 1
19 133 1
1 138 1
4 80 1
14 7 1
4 198 1
7 174 1
2 108 1
2 82 1
0 115 1
6 169 1
16 2 1
12 154 1
16 38 1
0 28 1
0 165 1
7 93 1
6 176 1
3 5 1
6 109 1
15 160 1
0 14 1
4 96 1
14 157 1
17 130 1
4 55 1
8 144 1
19 58 1
14 95 1
1 7 1
12 178 1
0 49 1
18 129 1
16 55 1
3 4 1
10 47 1
9 165 1
1 161 1
0 27 1
15 193 1
19 196 1
0 48 1
2 51 1
14 73 1
16 199 1
15 166 1
0 137 1
1 183 1
1 34 1
16 4 1
5 119 1
16 148 1
14 132 1
15 102 1
0 122 1
19 18 1
4 161 1
3 166 1
18 128 1
19 88 1
11 46 1
19 85 1
16 4 1
2 149 1
4 152 1
3 37 1
3 98 1
4 117 1
14 106 1
6 73 1
8 151 1
18 47 1
7 108 1
0 64 1
13 182 1
3 0 1
14 140 1
4 66 1
4 19 1
13 146 1
1 55 1
2 72 1
5 39 1
0 52 1
11 113 1
8 79 1
18 66 1
16 121 1
17 85 1
4 0 1
1 147 1
12 80 1
7 109 1
12 104 1
2 104 1
18 70 1
12 83 1
3 80 1
14 82 1
12 11 1
12 40 1
10 99 1
15 162 1
12 196 1
7 51 1
18 161 1
8 163 1
18 67 1
3 194 1
3 74 1
18 188 1
15 170 1
5 56 1
3 191 1
18 87 1
13 33 1
6 60 1
18 88 1
5 101 1
16 6 1
15 2 1
0 177 1
1 117 1
5 160 1
17 104 1
12 119 1
11 171 1
9 190 1
14 73 1
12 124 1
18 76 1
13 199 1
7 119 1
17 67 1
15 145 1
6 56 1
16 116 1
2 61 1
13 148 1
18 53 1
7 126 1
13 4 1
16 2 1
6 37 1
6 171 1
9 26 1
19 191 1
17 134 1
10 40 1
8 82 1
6 192 1
5 113 1
11 19 1
3 145 1
9 111 1
1 172 1
9 185 1
19 190 1
5 60 1
15 5 1
3 161 1
4 4 1
8 49 1
19 181 1
2 54 1
10 157 1
6 91 1
3 123 1
2 111 1
11 180 1
14 155 1
17 185 1
11 187 1
19 63 1
12 82 1
16 163 1
17 4 1
8 98 1
4 27 1
17 11 1
14 166 1
7 38 1
18 0 1
3 106 1
6 147 1
13 153 1
13 11 1
8 167 1
14 96 1
10 199 1
16 74 1
5 36 1
11 150 1
16 62 1
13 192 1
8 78 1
4 6 1
10 185 1
4 85 1
5 100 1
17 199 1
8 42 1
15 14 1
15 107 1
17 138 1
16 45 1
16 88 1
3 48 1
6 60 1
9 29 1
8 40 1
19 173 1
17 189 1
2 11 1
13 77 1
4 7 1
2 90 1
14 153 1
3 75 1
19 133 1
15 6 1
12 54 1
17 55 1
12 191 1
4 109 1
11 148 1
15 38 1
12 65 1
13 98 1
8 134 1
12 68 1
8 179 1
4 99 1
17 18 1
3 48 1
7 4 1
6 71 1
18 153 1
17 79 1
15 70 1
3 4 1
10 178 1
5 145 1
0 34 1
9 185 1
0 61 1
15 21 1
1 12 1
12 36 1
3 136 1
2 166 1
12 158 1
1 128 1
6 67 1
19 5 1
10 24 1
15 199 1
10 49 1
10 6 1
3 66 1
13 77 1
3 68 1
19 20 1
0 44 1
6 112 1
13 119 1
12 10 1
19 108 1
12 177 1
16 31 1
18 192 1
15 41 1
17 83 1
3 86 1
9 41 1
19 7 1
16 72 1
9 31 1
11 156 1
17 14 1
15 96 1
7 121 1
4 160 1
4 185 1
7 10 1
10 144 1
11 39 1
3 58 1
15 20 1
13 78 1
19 18 1
13 11 1
6 1 1
19 17 1
19 155 1
4 61 1
18 23 1
8 57 1
4 32 1
6 115 1
4 62 1
19 19 1
5 159 1
1 113 1
15 183 1
6 179 1
12 64 1
16 42 1
16 86 1
17 161 1
5 30 1
19 130 1
11 27 1
3 129 1
2 23 1
13 90 1
13 11 1
12 191 1
8 36 1
14 158 1
16 7 1
5 24 1
5 168 1
10 52 1
15 86 1
4 52 1
15 38 1
8 78 1
5 74 1
16 146 1
15 52 1
4 33 1
12 110 1
0 121 1
7 79 1
17 31 1
17 183 1
19 60 1
15 138 1
11 138 1
4 74 1
15 60 1
16 15 1
13 197 1
13 35 1
8 65 1
7 19 1
4 168 1
4 150 1
3 90 1
9 67 1
5 49 1
15 18 1
2 114 1
17 52 1
4 0 1
10 152 1
4 127 1
5 22 1
12 121 1
2 182 1
1 22 1
17 90 1
3 8 1
6 96 1
15 18 1
8 106 1
13 75 1
7 39 1
4 175 1
11 25 1
16 73 1
14 18 1
4 88 1
2 138 1
19 2 1
13 124 1
1 6 1
1 20 1
4 70 1
18 167 1
18 130 1
2 51 1
12 17 1
7 78 1
8 50 1
16 113 1
6 95 1
10 183 1
18 150 1
13 27 1
8 132 1
12 170 1
9 189 1
12 166 1
3 78 1
7 107 1
5 118 1
11 166 1
16 170 1
4 35 1
15 133 1
5 190 1
19 152 1
16 91 1
18 53 1
0 95 1
16 3 1
8 28 1
3 107 1
11 79 1
12 127 1
18 51 1
5 9 1
14 184 1
16 93 1
19 121 1
6 15 1
12 148 1
12 187 1
19 120 1
6 170 1
19 183 1
0 114 1
6 75 1
14 44 1
13 164 1
0 98 1
0 104 1
9 188 1
5 109 1
18 65 1
7 59 1
19 190 1
1 95 1
11 52 1
17 133 1
11 168 1
19 68 1
12 116 1
7 116 1
19 67 1
7 79 1
12 59 1
9 138 1
18 102 1
4 114 1
9 102 1
18 16 1
10 3 1
2 41 1
1 4 1
10 122 1
3 81 1
15 117 1
16 148 1
0 167 1
8 179 1
10 23 1
16 70 1
18 53 1
15 111 1
1 63 1
2 80 1
8 102 1
2 104 1
8 39 1
12 43 1
11 187 1
18 39 1
8 145 1
17 75 1
6 141 1
12 3 1
3 180 1
19 192 1
5 34 1
16 16 1
2 148 1
5 22 1
17 177 1
4 90 1
11 153 1
10 169 1
14 0 1
10 164 1
3 127 1
8 69 1
11 125 1
16 128 1
2 120 1
13 140 1
1 8 1
16 17 1
17 15 1
2 136 1
8 176 1
5 88 1
13 194 1
18 164 1
11 180 1
13 43 1
4 49 1
15 19 1
16 86 1
5 139 1
15 86 1
18 22 1
6 3 1
9 151 1
11 154 1
6 121 1
9 197 1
16 173 1
5 104 1
16 35 1
17 68 1
6 13 1
19 71 1
6 155 1
11 111 1
15 61 1
18 116 1
3 90 1
3 151 1
2 104 1
1 172 1
5 38 1
0 64 1
0 173 1
4 151 1
1 81 1
2 69 1
13 90 1
12 31 1
4 84 1
19 162 1
12 86 1
19 34 1
0 61 1
9 195 1
13 7 1
9 6 1
5 182 1
6 145 1
11 84 1
3 102 1
12 49 1
8 176 1
10 175 1
15 131 1
12 82 1
1 159 1
9 141 1
9 147 1
9 27 1
13 107 1
11 75 1
14 121 1
15 37 1
7 83 1
15 174 1
17 97 1
4 20 1
4 24 1
11 60 1
9 61 1
7 163 1
0 18 1
15 79 1
4 19 1
9 128 1
16 193 1
10 191 1
0 140 1
11 109 1
14 123 1
19 58 1
0 26 1
9 150 1
3 36 1
14 80 1
6 14 1
17 29 1
15 27 1
12 110 1
17 27 1
6 69 1
7 74 1
19 71 1
12 92 1
0 109 1
8 184 1
6 95 1
14 76 1
0 181 1
12 148 1
17 119 1
19 118 1
13 144 1
2 162 1
8 125 1
3 33 1
0 116 1
8 190 1
3 71 1
6 171 1
8 50 1
16 193 1
17 123 1
13 173 1
14 30 1
9 198 1
3 12 1
13 176 1
15 10 1
12 129 1
6 16 1
11 17 1
14 186 1
18 106 1
3 62 1
15 132 1
14 101 1
1 185 1
4 33 1
3 62 1
2 78 1
6 88 1
8 144 1
9 48 1
7 85 1
15 96 1
9 139 1
3 94 1
2 29 1
2 104 1
1 191 1
15 138 1
1 126 1
1 27 1
0 77 1
17 9 1
15 197 1
16 93 1
8 141 1
11 96 1
13 144 1
18 84 1
4 94 1
5 185 1
1 42 1
8 21 1
16 101 1
3 36 1
10 44 1
6 172 1
1 40 1
9 5 1
5 15 1
11 105 1
3 20 1
16 171 1
18 109 1
17 88 1
2 87 1
11 89 1
10 167 1
19 81 1
2 63 1
1 97 1
9 198 1
7 148 1
18 123 1
15 106 1
10 90 1
9 147 1
3 99 1
18 119 1
10 50 1
8 178 1
14 196 1
18 97 1
10 56 1
16 101 1
6 188 1
3 20 1
2 85 1
12 85 1
9 124 1
11 115 1
15 14 1
11 162 1
13 58 1
2 3 1
7 94 1
17 173 1
16 192 1
19 107 1
16 64 1
3 55 1
11 181 1
4 48 1
18 188 1
0 85 1
3 156 1
9 23 1
7 56 1
8 125 1
1 102 1
1 153 1
9 73 1
2 172 1
0 105 1
19 54 1
11 90 1
4 127 1
15 7 1
1 43 1
18 102 1
0 173 1
11 4 1
13 132 1
18 73 1
6 185 1
18 98 1
6 120 1
12 117 1
8 36 1
3 106 1
6 26 1
11 53 1
19 182 1
3 27 1
8 112 1
7 105 1
1 173 1
17 168 1
8 134 1
6 164 1
13 22 1
4 189 1
19 126 1
14 149 1
14 123 1
14 159 1
10 39 1
5 36 1
7 109 1
10 114 1
12 195 1
0 176 1
15 192 1
4 93 1
9 64 1
15 42 1
12 198 1
16 96 1
18 93 1
9 183 1
5 92 1
5 172 1
12 0 1
19 99 1
16 180 1
18 125 1
0 126 1
8 70 1
15 159 1
2 170 1
8 110 1
6 130 1
4 115 1
6 140 1
12 97 1
16 84 1
10 198 1
7 57 1
17 42 1
0 134 1
7 182 1
13 27 1
11 117 1
12 135 1
8 175 1
10 176 1
0 39 1
19 42 1
16 76 1
1 54 1
13 34 1
10 7 1
10 53 1
17 77 1
13 174 1
7 93 1
7 128 1
8 16 1
8 125 1
14 96 1
18 56 1
1 73 1
2 152 1
11 4 1
2 61 1
11 110 1
17 141 1
15 101 1
1 125 1
7 128 1
13 34 1
17 177 1
1 31 1
6 53 1
9 149 1
11 106 1
17 76 1
7 168 1
15 179 1
19 180 1
5 36 1
15 62 1
3 172 1
4 190 1
5 151 1
12 70 1
5 120 1
1 193 1
3 183 1
0 11 1
7 40 1
1 142 1
13 167 1
13 109 1
18 65 1
9 145 1
11 173 1
11 59 1
4 100 1
9 114 1
12 171 1
9 53 1
2 184 1
17 189 1
12 160 1
1 61 1
8 166 1
11 96 1
5 87 1
16 7 1
19 3 1
3 160 1
19 103 1
8 119 1
8 183 1
14 55 1
9 112 1
19 134 1
3 9 1
7 6 1
5 7 1
16 28 1
2 137 1
1 140 1
3 152 1
2 173 1
6 4 1
15 128 1
5 147 1
7 130 1
12 120 1
1 9 1
0 52 1
8 114 1
9 154 1
5 162 1
1 32 1
18 178 1
9 177 1
3 70 1
9 23 1
10 35 1
4 115 1
18 29 1
17 193 1
11 104 1
11 156 1
18 155 1
4 24 1
8 76 1
13 154 1
14 183 1
8 40 1
5 60 1
5 74 1
11 61 1
6 197 1
13 112 1
6 70 1
3 69 1
0 97 1
13 184 1
12 82 1
14 119 1
1 111 1
2 175 1
0 39 1
18 8 1
3 78 1
2 31 1
9 136 1
18 121 1
8 55 1
2 54 1
1 49 1
16 69 1
14 95 1
13 150 1
3 108 1
18 131 1
11 189 1
2 66 1
6 18 1
4 84 1
3 79 1
11 57 1
17 68 1
6 24 1
15 49 1
2 102 1
0 142 1
13 0 1
18 84 1
5 42 1
6 56 1
11 93 1
17 38 1
5 194 1
2 88 1
4 93 1
15 101 1
4 48 1
6 122 1
11 123 1
17 146 1
2 7 1
9 71 1
12 82 1
13 90 1
4 58 1
12 16 1
17 120 1
13 22 1
15 134 1
1 79 1
3 159 1
19 80 1
9 5 1
17 19 1
18 140 1
0 174 1
12 15 1
18 92 1
7 103 1
0 149 1
9 20 1
7 134 1
1 0 1
2 163 1
19 63 1
5 155 1
15 161 1
9 176 1
5 173 1
14 36 1
9 73 1
18 173 1
15 164 1
15 43 1
11 40 1
2 10 1
17 175 1
13 191 1
14 53 1
19 7 1
13 20 1
15 177 1
14 30 1
11 73 1
6 44 1
7 167 1
4 54 1
19 193 1
13 173 1
1 181 1
9 90 1
17 36 1
15 89 1
12 86 1
2 42 1
7 0 1
7 112 1
9 151 1
11 179 1
12 35 1
0 192 1
13 53 1
10 198 1
12 138 1
6 138 1
14 136 1
5 57 1
0 157 1
17 129 1
6 165 1
9 163 1
9 96 1
16 38 1
9 126 1
1 153 1
19 67 1
18 58 1
3 10 1
12 71 1
15 185 1
15 31 1
13 96 1
19 135 1
10 50 1
13 178 1
7 167 1
0 4 1
13 55 1
16 102 1
12 84 1
7 54 1
1 100 1
16 48 1
0 54 1
19 45 1
11 188 1
8 2 1
9 7 1
10 155 1
3 55 1
19 115 1
17 45 1
6 197 1
7 165 1
4 177 1
17 47 1
19 43 1
13 42 1
12 103 1
9 92 1
8 31 1
5 47 1
16 147 1
6 100 1
5 167 1
11 32 1
11 27 1
2 87 1
8 64 1
17 1 1
11 107 1
1 198 1
5 43 1
19 3 1
1 11 1
19 107 1
18 76 1
