17 150 1
0 76 1
4 69 1
9 16 1
0 196 1
0 16 1
5 148 1
13 181 1
1 153 1
17 56 1
17 73 1
14 184 1
10 48 1
15 9 1
10 93 1
3 30 1
3 178 1
0 99 1
12 196 1
9 81 1
12 71 1
2 147 1
2 9 1
17 185 1
8 45 1
18 121 1
1 189 1
15 45 1
12 117 1
15 31 1
7 33 1
10 119 1
9 43 1
4 84 1
8 133 1
12 60 1
4 26 1
14 36 1
6 121 1
14 98 1
6 102 1
15 101 1
5 96 1
3 186 1
19 148 1
0 91 1
4 110 1
3 157 1
10 12 1
7 32 1
9 84 1
6 141 1
11 143 1
0 143 1
6 112 1
12 168 1
15 144 1
3 135 1
10 140 1
9 51 1
10 150 1
12 49 1
18 85 1
6 190 1
13 171 1
14 143 1
15 63 1
8 66 1
11 134 1
10 82 1
7 51 1
19 52 1
9 106 1
1 169 1
4 140 1
6 159 1
12 100 1
4 147 1
4 156 1
11 83 1
4 80 1
7 195 1
16 2 1
1 48 1
10 9 1
11 28 1
7 22 1
2 166 1
10 184 1
10 9 1
12 105 1
16 157 1
15 142 1
11 16 1
11 58 1
18 7 1
0 78 1
1 164 1
1 150 1
9 118 1
16 155 1
3 86 1
9 117 1
14 12 1
9 118 1
4 126 1
18 101 1
8 183 1
1 96 1
2 87 1
7 93 1
14 34 1
16 70 1
17 151 1
11 96 1
17 151 1
7 34 1
15 177 1
13 189 1
7 46 1
3 72 1
12 45 1
11 94 1
19 85 1
9 160 1
2 140 1
3 12 1
8 142 1
18 116 1
4 173 1
18 16 1
16 43 1
15 75 1
0 56 1
8 7 1
12 5 1
8 19 1
4 156 1
11 62 1
19 23 1
9 41 1
10 170 1
3 3 1
3 171 1
7 164 1
2 37 1
8 33 1
7 138 1
3 21 1
17 139 1
15 182 1
11 152 1
13 182 1
9 102 1
19 126 1
12 121 1
14 171 1
2 78 1
10 109 1
6 134 1
2 63 1
8 180 1
1 162 1
16 97 1
16 169 1
14 23 1
15 104 1
11 172 1
11 70 1
13 128 1
4 11 1
1 196 1
4 7 1
18 146 1
18 0 1
18 40 1
7 163 1
16 0 1
14 25 1
11 101 1
19 49 1
13 73 1
17 137 1
14 191 1
0 64 1
19 64 1
10 191 1
12 73 1
16 16 1
12 59 1
8 150 1
6 123 1
18 142 1
6 68 1
6 18 1
14 126 1
1 24 1
6 24 1
11 109 1
9 94 1
19 1 1
9 189 1
11 137 1
15 93 1
17 190 1
18 196 1
7 1 1
1 90 1
15 193 1
8 48 1
4 71 1
14 6 1
4 40 1
0 171 1
19 129 1
8 119 1
9 177 1
8 141 1
1 8 1
15 92 1
6 71 1
13 179 1
9 34 1
17 98 1
1 47 1
14 13 1
1 194 1
0 68 1
14 0 1
15 111 1
7 169 1
7 85 1
15 167 1
14 47 1
9 195 1
4 45 1
12 126 1
8 55 1
12 19 1
10 55 1
8 168 1
14 19 1
3 43 1
6 18 1
8 60 1
8 59 1
3 86 1
5 116 1
1 72 1
6 117 1
6 196 1
0 80 1
14 123 1
15 183 1
19 157 1
18 198 1
0 149 1
2 130 1
12 88 1
10 157 1
0 180 1
3 33 1
6 98 1
11 145 1
0 103 1
11 47 1
9 176 1
14 99 1
10 177 1
15 141 1
18 192 1
16 55 1
19 173 1
16 126 1
7 4 1
18 96 1
19 187 1
9 79 1
11 156 1
13 4 1
15 183 1
6 154 1
18 70 1
18 183 1
4 68 1
16 46 1
15 156 1
1 60 1
11 117 1
14 29 1
6 164 1
6 46 1
10 196 1
9 88 1
7 134 1
9 61 1
8 114 1
7 193 1
2 135 1
5 142 1
3 66 1
2 9 1
15 57 1
16 160 1
13 75 1
1 100 1
10 73 1
4 156 1
5 115 1
10 103 1
11 62 1
1 21 1
4 64 1
18 153 1
0 51 1
18 150 1
5 190 1
18 169 1
16 16 1
14 82 1
7 172 1
5 16 1
19 44 1
4 10 1
7 50 1
11 157 1
1 168 1
0 82 1
8 32 1
5 39 1
13 13 1
19 25 1
5 50 1
1 28 1
18 57 1
18 173 1
15 50 1
9 190 1
5 61 1
0 199 1
18 167 1
12 18 1
6 100 1
11 84 1
14 68 1
5 85 1
18 166 1
12 92 1
2 196 1
4 24 1
5 109 1
16 40 1
17 120 1
16 24 1
6 117 1
10 6 1
15 193 1
10 96 1
1 68 1
5 6 1
1 194 1
19 109 1
1 119 1
15 113 1
9 59 1
12 161 1
17 27 1
15 162 1
11 0 1
15 81 1
18 46 1
17 53 1
2 83 1
9 33 1
14 68 1
18 63 1
2 52 1
18 37 1
13 2 1
5 188 1
5 131 1
15 185 1
0 193 1
11 5 1
15 189 1
0 127 1
17 43 1
15 143 1
3 56 1
8 153 1
9 49 1
9 151 1
1 175 1
6 129 1
19 160 1
16 10 1
13 104 1
7 44 1
18 59 1
16 77 1
3 162 1
17 27 1
13 64 1
8 6 1
11 119 1
13 174 1
1 3 1
15 140 1
15 103 1
14 128 1
13 31 1
4 77 1
14 79 1
15 66 1
0 56 1
5 197 1
12 116 1
10 71 1
19 84 1
4 96 1
8 60 1
2 162 1
15 64 1
4 155 1
12 109 1
6 105 1
4 140 1
17 28 1
4 162 1
8 24 1
19 190 1
4 96 1
2 75 1
19 169 1
14 20 1
3 144 1
15 129 1
4 4 1
18 34 1
17 139 1
6 5 1
15 50 1
3 87 1
5 109 1
14 28 1
11 56 1
7 168 1
11 43 1
19 117 1
1 184 1
4 127 1
0 77 1
11 75 1
9 127 1
18 47 1
11 27 1
15 100 1
4 12 1
19 184 1
0 71 1
4 11 1
19 177 1
0 101 1
6 19 1
3 26 1
11 181 1
9 155 1
10 12 1
10 10 1
11 107 1
8 54 1
12 148 1
7 191 1
15 7 1
14 156 1
7 66 1
9 53 1
9 119 1
2 65 1
4 151 1
5 37 1
3 52 1
4 2 1
5 191 1
9 132 1
15 71 1
18 122 1
1 6 1
2 172 1
18 56 1
4 48 1
11 13 1
12 72 1
17 99 1
4 188 1
2 105 1
3 64 1
18 16 1
10 162 1
13 103 1
12 63 1
8 176 1
18 38 1
0 101 1
0 75 1
3 66 1
13 148 1
9 24 1
5 65 1
12 60 1
12 3 1
9 1 1
11 98 1
11 46 1
18 118 1
16 149 1
19 3 1
9 58 1
11 123 1
16 64 1
14 198 1
10 95 1
7 14 1
18 26 1
10 91 1
7 82 1
0 131 1
4 171 1
6 167 1
5 95 1
7 184 1
5 104 1
10 176 1
6 174 1
15 137 1
6 52 1
15 136 1
8 191 1
5 152 1
1 68 1
4 36 1
6 166 1
19 178 1
7 137 1
9 30 1
16 54 1
15 1 1
0 193 1
7 131 1
17 133 1
2 19 1
6 179 1
10 58 1
12 40 1
4 168 1
2 135 1
3 139 1
5 183 1
17 114 1
2 38 1
10 169 1
1 127 1
7 14 1
16 46 1
10 140 1
8 182 1
2 93 1
18 32 1
5 113 1
16 157 1
16 155 1
18 44 1
6 136 1
9 31 1
17 127 1
8 27 1
14 62 1
11 97 1
3 91 1
17 193 1
7 198 1
9 59 1
19 45 1
3 88 1
18 76 1
2 155 1
2 99 1
15 49 1
19 39 1
13 140 1
11 157 1
7 6 1
4 41 1
2 97 1
6 64 1
9 135 1
1 162 1
14 54 1
6 5 1
7 66 1
6 1 1
1 184 1
13 180 1
10 85 1
1 148 1
8 169 1
11 182 1
17 176 1
17 16 1
2 187 1
14 64 1
16 16 1
19 48 1
13 31 1
7 139 1
10 191 1
0 116 1
11 114 1
12 38 1
12 129 1
3 147 1
6 24 1
11 113 1
11 15 1
8 145 1
16 92 1
12 155 1
16 101 1
5 137 1
18 44 1
15 84 1
19 78 1
11 122 1
7 187 1
12 75 1
15 172 1
15 107 1
17 55 1
10 115 1
11 94 1
9 141 1
3 26 1
18 63 1
2 3 1
1 39 1
17 98 1
4 126 1
7 123 1
1 146 1
11 83 1
7 137 1
17 133 1
2 179 1
0 5 1
7 173 1
5 8 1
15 111 1
1 96 1
8 36 1
3 153 1
4 197 1
6 119 1
18 126 1
14 152 1
14 49 1
17 187 1
10 41 1
10 38 1
19 17 1
1 7 1
18 145 1
11 151 1
10 144 1
11 139 1
7 153 1
11 149 1
10 22 1
15 196 1
8 63 1
5 146 1
11 124 1
6 112 1
11 58 1
15 75 1
1 36 1
7 166 1
13 158 1
18 153 1
4 15 1
9 22 1
4 155 1
4 59 1
10 49 1
7 55 1
9 160 1
16 84 1
5 172 1
17 142 1
17 9 1
5 154 1
15 142 1
5 7 1
13 70 1
8 116 1
4 166 1
4 148 1
14 31 1
2 59 1
19 27 1
3 53 1
5 118 1
13 161 1
3 107 1
0 128 1
9 49 1
2 103 1
10 139 1
2 11 1
19 121 1
5 37 1
1 182 1
14 78 1
11 111 1
1 183 1
13 37 1
15 16 1
9 100 1
15 97 1
4 105 1
4 199 1
16 42 1
11 137 1
9 111 1
19 59 1
2 44 1
17 50 1
9 140 1
18 116 1
2 24 1
11 108 1
18 13 1
15 156 1
2 143 1
5 42 1
12 70 1
5 155 1
11 91 1
1 34 1
1 117 1
0 156 1
8 110 1
4 11 1
1 146 1
1 145 1
3 79 1
9 24 1
13 131 1
16 194 1
2 179 1
9 143 1
9 45 1
18 141 1
4 90 1
5 66 1
13 23 1
18 123 1
10 79 1
1 48 1
18 71 1
14 118 1
4 98 1
6 189 1
11 38 1
2 175 1
9 103 1
10 74 1
7 156 1
9 120 1
5 157 1
17 150 1
13 169 1
18 46 1
4 169 1
2 3 1
10 17 1
18 20 1
7 2 1
13 31 1
0 0 1
8 67 1
13 3 1
1 138 1
0 83 1
15 104 1
13 158 1
8 4 1
7 56 1
12 66 1
17 183 1
3 174 1
0 68 1
7 179 1
4 9 1
0 144 1
8 6 1
18 105 1
10 66 1
12 156 1
4 189 1
3 76 1
16 160 1
17 32 1
2 57 1
11 192 1
16 17 1
11 12 1
5 191 1
1 70 1
7 99 1
7 139 1
19 151 1
19 45 1
3 54 1
18 0 1
0 65 1
8 172 1
4 103 1
12 163 1
0 58 1
0 193 1
9 149 1
4 4 1
10 40 1
9 93 1
16 151 1
18 77 1
18 47 1
6 146 1
13 82 1
7 19 1
15 85 1
1 62 1
17 116 1
7 140 1
3 139 1
3 57 1
11 122 1
17 69 1
12 178 1
10 72 1
14 196 1
13 70 1
8 61 1
18 174 1
15 180 1
11 85 1
2 154 1
1 136 1
10 29 1
0 120 1
4 37 1
18 78 1
6 114 1
4 97 1
14 45 1
3 159 1
12 39 1
15 91 1
18 75 1
18 80 1
18 5 1
18 13 1
1 41 1
19 4 1
7 146 1
8 94 1
4 156 1
13 51 1
17 153 1
3 174 1
1 137 1
3 131 1
2 50 1
8 196 1
11 44 1
2 67 1
5 127 1
15 169 1
13 173 1
13 94 1
10 63 1
3 80 1
15 100 1
8 54 1
4 119 1
12 53 1
13 190 1
0 156 1
3 164 1
18 93 1
19 33 1
1 176 1
6 164 1
2 159 1
15 20 1
12 93 1
11 142 1
18 131 1
7 57 1
6 75 1
16 55 1
10 104 1
10 109 1
1 102 1
18 95 1
4 12 1
0 145 1
18 152 1
8 176 1
14 156 1
1 23 1
8 10 1
8 191 1
19 181 1
4 104 1
14 135 1
17 32 1
4 197 1
15 40 1
5 64 1
8 161 1
4 87 1
4 109 1
18 192 1
16 178 1
13 18 1
17 113 1
4 63 1
5 175 1
7 104 1
0 22 1
8 80 1
8 37 1
2 112 1
18 54 1
1 175 1
9 14 1
18 97 1
1 115 1
14 18 1
3 42 1
2 199 1
17 162 1
7 109 1
14 83 1
0 135 1
19 106 1
9 179 1
14 66 1
11 171 1
13 89 1
13 76 1
12 18 1
18 183 1
9 56 1
6 76 1
5 57 1
15 110 1
14 86 1
18 86 1
7 89 1
15 47 1
5 148 1
11 176 1
4 74 1
5 177 1
10 189 1
17 159 1
5 12 1
10 18 1
7 25 1
4 23 1
10 74 1
0 21 1
11 65 1
5 62 1
2 163 1
16 96 1
1 20 1
9 8 1
9 40 1
1 43 1
9 190 1
9 117 1
16 9 1
2 66 1
3 143 1
11 157 1
0 157 1
16 50 1
15 6 1
10 45 1
8 24 1
5 198 1
5 23 1
1 188 1
13 176 1
7 158 1
14 131 1
5 28 1
2 82 1
19 71 1
10 42 1
14 182 1
5 33 1
5 80 1
12 119 1
15 32 1
2 181 1
9 178 1
0 73 1
1 25 1
19 13 1
19 48 1
9 97 1
16 97 1
8 72 1
10 85 1
11 163 1
12 2 1
7 102 1
0 119 1
0 50 1
5 45 1
17 126 1
2 154 1
11 17 1
2 163 1
14 168 1
19 61 1
18 160 1
15 102 1
18 151 1
9 179 1
12 41 1
1 135 1
15 194 1
8 184 1
17 108 1
6 53 1
2 53 1
4 150 1
8 139 1
4 142 1
11 172 1
1 18 1
15 166 1
15 4 1
15 100 1
8 167 1
8 153 1
4 84 1
4 23 1
12 172 1
6 56 1
17 127 1
5 178 1
3 169 1
15 77 1
4 31 1
16 185 1
10 183 1
5 106 1
6 96 1
9 115 1
6 94 1
7 30 1
18 89 1
14 6 1
4 26 1
4 15 1
12 189 1
5 87 1
13 81 1
11 13 1
2 23 1
11 4 1
9 172 1
4 190 1
15 60 1
6 85 1
12 3 1
18 53 1
16 82 1
9 18 1
9 102 1
16 145 1
9 20 1
0 37 1
5 156 1
8 197 1
19 34 1
0 43 1
18 63 1
9 107 1
3 75 1
8 109 1
14 29 1
9 51 1
18 119 1
8 23 1
2 149 1
15 46 1
14 191 1
12 91 1
0 28 1
13 162 1
9 41 1
5 141 1
4 97 1
15 105 1
5 79 1
3 64 1
0 105 1
3 176 1
15 152 1
15 174 1
14 17 1
12 7 1
0 74 1
15 152 1
18 175 1
6 108 1
12 176 1
14 73 1
1 151 1
4 193 1
12 85 1
4 118 1
14 163 1
9 126 1
4 48 1
9 12 1
7 92 1
18 53 1
9 72 1
19 19 1
14 163 1
19 69 1
15 22 1
4 130 1
11 91 1
4 192 1
9 125 1
10 98 1
11 34 1
11 144 1
14 77 1
3 30 1
12 136 1
16 86 1
9 28 1
2 55 1
7 171 1
19 28 1
18 44 1
6 83 1
15 93 1
4 175 1
15 136 1
7 163 1
6 53 1
2 40 1
3 181 1
2 190 1
3 73 1
1 75 1
12 18 1
5 24 1
0 27 1
0 45 1
1 120 1
4 46 1
5 157 1
11 185 1
0 12 1
4 179 1
1 0 1
4 170 1
12 182 1
2 35 1
6 157 1
8 189 1
3 106 1
17 32 1
2 191 1
16 34 1
10 113 1
9 163 1
13 186 1
10 80 1
14 171 1
18 30 1
12 133 1
14 61 1
16 103 1
8 14 1
2 41 1
15 49 1
3 44 1
11 93 1
11 186 1
8 38 1
13 180 1
13 107 1
19 135 1
10 179 1
16 42 1
16 58 1
7 26 1
12 133 1
10 17 1
11 3 1
11 66 1
14 56 1
14 102 1
9 71 1
19 80 1
17 34 1
3 172 1
5 59 1
15 116 1
12 87 1
14 148 1
5 139 1
18 121 1
0 173 1
0 103 1
16 169 1
17 192 1
5 140 1
2 185 1
13 60 1
16 194 1
14 88 1
1 34 1
6 170 1
10 141 1
16 51 1
2 2 1
3 134 1
3 30 1
2 62 1
11 44 1
13 148 1
9 156 1
2 17 1
7 6 1
12 176 1
8 50 1
19 134 1
14 123 1
15 82 1
9 44 1
17 62 1
2 193 1
14 195 1
8 30 1
12 15 1
7 164 1
14 106 1
0 70 1
9 25 1
3 71 1
18 82 1
5 47 1
17 187 1
1 149 1
1 30 1
9 38 1
0 68 1
2 38 1
8 20 1
16 95 1
15 24 1
7 193 1
15 107 1
14 144 1
12 98 1
0 6 1
12 157 1
0 125 1
18 15 1
17 158 1
19 181 1
6 90 1
9 68 1
13 140 1
0 141 1
14 115 1
15 130 1
19 37 1
15 161 1
4 125 1
3 11 1
6 110 1
16 140 1
17 141 1
8 121 1
11 74 1
0 133 1
17 85 1
17 20 1
16 25 1
6 71 1
14 87 1
0 76 1
4 74 1
10 49 1
13 81 1
0 69 1
3 70 1
13 182 1
5 33 1
12 92 1
10 151 1
6 64 1
12 190 1
12 27 1
10 156 1
16 34 1
14 73 1
5 8 1
12 158 1
19 68 1
9 32 1
2 148 1
18 73 1
4 57 1
14 62 1
1 50 1
4 31 1
19 31 1
1 191 1
15 99 1
3 116 1
7 13 1
10 167 1
4 52 1
5 27 1
19 171 1
12 193 1
2 115 1
6 16 1
6 187 1
7 82 1
1 151 1
15 97 1
17 49 1
6 167 1
18 72 1
12 183 1
4 63 1
0 176 1
19 64 1
6 97 1
18 193 1
0 95 1
18 92 1
7 40 1
8 70 1
14 149 1
3 178 1
3 87 1
18 196 1
15 126 1
5 79 1
15 28 1
16 79 1
9 43 1
15 116 1
18 2 1
18 131 1
13 70 1
1 145 1
15 69 1
9 5 1
0 46 1
18 48 1
11 193 1
13 90 1
19 74 1
2 40 1
18 177 1
12 196 1
16 33 1
2 172 1
0 37 1
10 25 1
15 83 1
18 156 1
4 182 1
6 81 1
17 84 1
1 112 1
0 142 1
14 92 1
0 146 1
11 125 1
4 152 1
7 3 1
13 156 1
2 44 1
12 142 1
9 85 1
12 38 1
17 174 1
14 174 1
0 102 1
10 186 1
18 196 1
12 45 1
3 81 1
9 187 1
17 76 1
4 181 1
4 173 1
7 60 1
9 99 1
10 10 1
8 196 1
19 173 1
15 17 1
8 196 1
5 64 1
4 77 1
6 1 1
1 50 1
0 93 1
19 175 1
3 61 1
18 187 1
14 93 1
4 96 1
11 34 1
3 64 1
5 26 1
10 119 1
11 52 1
17 1 1
6 132 1
18 122 1
16 181 1
12 34 1
1 174 1
4 55 1
18 70 1
5 138 1
17 5 1
15 28 1
7 78 1
4 145 1
17 49 1
1 43 1
17 30 1
18 92 1
1 86 1
11 4 1
2 131 1
6 182 1
19 14 1
10 10 1
10 165 1
19 19 1
5 137 1
7 135 1
18 135 1
11 187 1
5 90 1
18 21 1
16 103 1
17 146 1
14 5 1
7 16 1
6 115 1
4 91 1
4 176 1
11 120 1
3 42 1
12 41 1
14 71 1
12 101 1
3 13 1
12 33 1
3 99 1
1 21 1
19 150 1
12 29 1
16 32 1
8 152 1
17 136 1
4 58 1
5 43 1
6 61 1
9 151 1
16 116 1
8 81 1
18 164 1
7 130 1
19 155 1
8 68 1
1 167 1
3 16 1
16 191 1
19 159 1
11 50 1
9 70 1
17 60 1
8 31 1
3 69 1
17 28 1
6 20 1
17 21 1
5 150 1
18 124 1
10 41 1
16 22 1
5 154 1
16 117 1
11 192 1
9 123 1
7 7 1
8 46 1
7 77 1
