4 47 1
5 74 1
6 19 1
1 77 1
1 8 1
6 62 1
0 37 1
6 50 1
3 56 1
8 80 1
3 97 1
2 63 1
1 86 1
2 20 1
8 23 1
1 67 1
8 86 1
7 7 1
0 53 1
8 24 1
5 11 1
1 49 1
6 69 1
3 19 1
4 24 1
5 79 1
8 4 1
0 68 1
6 88 1
1 68 1
7 11 1
6 76 1
9 10 1
6 50 1
4 91 1
1 35 1
6 49 1
3 76 1
3 99 1
3 22 1
9 48 1
1 0 1
1 18 1
9 89 1
1 98 1
5 65 1
0 4 1
0 55 1
1 66 1
0 77 1
2 64 1
6 76 1
5 53 1
2 24 1
2 2 1
5 38 1
7 57 1
3 94 1
5 98 1
4 5 1
8 41 1
1 2 1
9 78 1
1 26 1
7 33 1
7 77 1
8 89 1
0 91 1
4 78 1
8 48 1
2 96 1
1 61 1
4 30 1
0 60 1
9 40 1
6 82 1
0 96 1
9 17 1
3 42 1
2 22 1
7 78 1
6 32 1
9 34 1
9 54 1
4 48 1
0 2 1
2 47 1
0 99 1
2 76 1
3 11 1
1 96 1
7 36 1
8 23 1
4 63 1
1 76 1
7 13 1
9 69 1
5 94 1
1 57 1
4 74 1
5 4 1
9 90 1
0 99 1
0 72 1
1 9 1
2 55 1
8 59 1
0 16 1
7 64 1
4 84 1
4 13 1
3 35 1
7 94 1
3 42 1
5 92 1
0 87 1
9 5 1
4 27 1
0 12 1
7 63 1
5 27 1
6 18 1
1 97 1
3 36 1
5 74 1
5 13 1
3 75 1
9 55 1
6 18 1
9 82 1
4 95 1
9 14 1
4 78 1
8 30 1
8 96 1
2 17 1
1 99 1
2 23 1
8 90 1
2 99 1
5 54 1
1 38 1
5 86 1
0 17 1
7 44 1
4 16 1
6 84 1
4 39 1
4 13 1
6 22 1
2 36 1
6 37 1
6 35 1
1 73 1
3 29 1
4 50 1
6 68 1
2 80 1
1 58 1
9 96 1
9 39 1
3 97 1
2 99 1
2 39 1
0 39 1
9 95 1
7 75 1
2 9 1
2 65 1
8 96 1
1 35 1
0 1 1
6 6 1
5 62 1
1 43 1
3 15 1
3 46 1
1 73 1
5 93 1
2 79 1
5 68 1
4 30 1
6 19 1
8 36 1
4 12 1
8 37 1
4 33 1
5 3 1
3 79 1
0 16 1
8 39 1
3 67 1
4 79 1
9 3 1
4 98 1
6 57 1
6 33 1
8 95 1
6 74 1
0 21 1
5 43 1
3 23 1
6 74 1
6 14 1
8 63 1
8 71 1
1 86 1
9 70 1
7 28 1
9 57 1
3 2 1
5 76 1
5 74 1
7 68 1
4 21 1
1 92 1
1 56 1
4 84 1
7 87 1
7 15 1
2 27 1
9 21 1
